{
 "cells": [
  {
   "cell_type": "code",
   "execution_count": 33,
   "id": "ec425d4c-e9d0-4dfe-bf1b-b50d8fa81bbc",
   "metadata": {
    "ExecuteTime": {
     "end_time": "2025-04-27T11:15:56.400357Z",
     "start_time": "2025-04-27T11:15:56.395549Z"
    }
   },
   "outputs": [],
   "source": [
    "import argparse\n",
    "import yaml\n",
    "import os\n",
    "\n",
    "import sys\n",
    "# Add the parent directory of the notebook to the path\n",
    "sys.path.append(os.path.abspath(\"../..\"))\n",
    "\n",
    "import matplotlib.pyplot as plt\n",
    "\n",
    "import json\n",
    "import numpy as np\n",
    "import pyarrow.parquet as pq\n",
    "import awkward as ak\n",
    "import vector\n",
    "vector.register_awkward()\n",
    "import torch\n",
    "import torch.nn.functional as F\n",
    "\n",
    "\n",
    "from evenet.control.global_config import global_config\n",
    "from evenet.dataset.preprocess import process_event_batch, convert_batch_to_torch_tensor\n",
    "from evenet.network.evenet_model import EveNetModel\n",
    "from evenet.utilities.diffusion_sampler import DDIMSampler\n",
    "\n",
    "\n",
    "from helpers.physics_functions import get_bins\n",
    "from helpers.basic_fit import plot_mass_distribution\n",
    "from helpers.flow_sampling import get_mass_samples\n",
    "from helpers.stats_functions import curve_fit_m_inv, parametric_fit, check_bkg_for_peaks, calculate_test_statistic\n",
    "from helpers.plotting import read_feature, newplot, hist_with_outline, hist_with_errors, function_with_band, stamp\n",
    "from helpers.utils import save_file\n",
    "\n",
    "\n",
    "from rich.progress import Progress, BarColumn, TimeRemainingColumn\n",
    "\n",
    "from preprocessing.preprocess import unflatten_dict\n",
    "from functools import partial\n",
    "\n",
    "from copy import deepcopy"
   ]
  },
  {
   "cell_type": "code",
   "execution_count": 46,
   "id": "77060a6c-5d50-4374-b5f9-85b3ab860eb8",
   "metadata": {},
   "outputs": [],
   "source": [
    "config_workflow = \"config-data/workflow_data.yaml\"\n",
    "device = \"cpu\"\n",
    "with open(config_workflow) as f:\n",
    "    config = yaml.safe_load(f)\n",
    "step_dir = \"step2_bump_hunting\"\n",
    "global_config.load_yaml(config[\"train-cls\"][\"config\"])\n",
    "with open(config[\"input\"][\"event_info\"]) as f:\n",
    "    event_info = yaml.safe_load(f)\n",
    "\n",
    "kfold = 5\n"
   ]
  },
  {
   "cell_type": "code",
   "execution_count": 47,
   "id": "3aa7e6dc-2c90-4b02-a90a-afa2b345334d",
   "metadata": {},
   "outputs": [],
   "source": [
    "def predict(config,\n",
    "            split,\n",
    "            checkpoint,\n",
    "            inputdir,\n",
    "            inputdir_SB,\n",
    "            event_info,\n",
    "            global_config,\n",
    "            device):\n",
    "    os.makedirs(os.path.join(config[\"output\"][\"plotdir\"], step_dir), exist_ok=True)\n",
    "    checkpoint = torch.load(checkpoint, map_location=device)\n",
    "    normalization_dict = torch.load(os.path.join(inputdir, \"normalization.pt\"))\n",
    "    shape_metadata = json.load(open(os.path.join(inputdir, \"shape_metadata.json\")))\n",
    "    model = EveNetModel(\n",
    "        config = global_config,\n",
    "        device = torch.device(device),\n",
    "        normalization_dict=normalization_dict,\n",
    "        classification=True\n",
    "    ).to(device)\n",
    "    new_state_dict = dict()\n",
    "    for k, v in checkpoint[\"state_dict\"].items():\n",
    "        new_state_dict[k.replace(\"model.\", \"\")] = v\n",
    "    model.load_state_dict(new_state_dict)\n",
    "    model.eval()\n",
    "    df_dummy_SB = pq.read_table(\n",
    "        os.path.join(inputdir_SB, \"data.parquet\")\n",
    "    ).to_pandas()\n",
    "    df_dummy_SB.sample(frac=1).reset_index(drop=True)\n",
    "    df_dummy_SR = pq.read_table(\n",
    "        os.path.join(inputdir, \"data.parquet\")\n",
    "    ).to_pandas()\n",
    "    df_dummy_SR.sample(frac=1).reset_index(drop=True)\n",
    "    norm_dict = torch.load(os.path.join(config[\"output\"][\"storedir\"], \"SB\", \"normalization.pt\"))\n",
    "    \n",
    "    \n",
    "    df_SB = process_event_batch(\n",
    "        df_dummy_SB,\n",
    "        shape_metadata=shape_metadata,\n",
    "        unflatten=unflatten_dict,\n",
    "    )\n",
    "    \n",
    "    df_SR = process_event_batch(\n",
    "        df_dummy_SR,\n",
    "        shape_metadata=shape_metadata,\n",
    "        unflatten=unflatten_dict,\n",
    "    )\n",
    "\n",
    "    num_SB = df_SB[\"x\"].shape[0]\n",
    "    num_SR = df_SR[\"x\"].shape[0]\n",
    "\n",
    "    start_SB = int(split[0] * num_SB)\n",
    "    end_SB = int(split[1] * num_SB)\n",
    "    start_SR = int(split[0] * num_SR)\n",
    "    end_SR = int(split[1] * num_SR)\n",
    "    \n",
    "    df_SB = {k: v[start_SB:end_SB] for k, v in df_SB.items()}\n",
    "    df_SR = {k: v[start_SR:end_SR] for k, v in df_SR.items()}\n",
    "\n",
    "    df_SR = {k: v[df_SR[\"classification\"] == 1] for k,v in df_SR.items()}\n",
    "    df_data = {k: np.concatenate([df_SB[k], df_SR[k]]) for k in df_SB}\n",
    "\n",
    "    df_data['inv_mass'] = deepcopy(df_data['conditions'][..., 0])\n",
    "    df_data['conditions'][..., 0] = 0 # remove invariant mass info\n",
    "    \n",
    "    batch = convert_batch_to_torch_tensor(df_data)\n",
    "    batch = {k: v for k, v in batch.items()}\n",
    "\n",
    "    batch_size = 1024\n",
    "    total_event = batch['x'].shape[0]\n",
    "\n",
    "    num_processed_sample = 0\n",
    "    results = []\n",
    "    \n",
    "    while num_processed_sample < total_event:\n",
    "        with torch.no_grad():\n",
    "            batch_num = max(min(total_event - num_processed_sample, batch_size) , 1)\n",
    "            batch_input = {k: v[num_processed_sample: num_processed_sample + batch_num].to(device) for k, v in batch.items()}\n",
    "            output = model(batch_input, time = torch.zeros((batch_input[\"x\"].shape[0]), device=device))\n",
    "            num_processed_sample += batch_num\n",
    "            results.append(output[\"classification\"])\n",
    "\n",
    "    results = np.concatenate([F.softmax(v[\"classification/signal\"], dim=-1).detach().cpu().numpy() for v in results])\n",
    "    df_data[\"mva_score\"] = results[:, 1]\n",
    "    \n",
    "    return df_data"
   ]
  },
  {
   "cell_type": "code",
   "execution_count": 48,
   "id": "922902b6-2ce3-4ee8-81b8-ef1de566966c",
   "metadata": {},
   "outputs": [],
   "source": [
    "def clean_and_append(dirname, postfix):\n",
    "    if dirname.endswith(\"/\"):\n",
    "        dirname = dirname[:-1]\n",
    "    return dirname + postfix"
   ]
  },
  {
   "cell_type": "code",
   "execution_count": 49,
   "id": "e345210b-1ffc-4904-803d-ca7ab4108de4",
   "metadata": {},
   "outputs": [
    {
     "name": "stdout",
     "output_type": "stream",
     "text": [
      "process 0 fold\n",
      "process 1 fold\n",
      "process 2 fold\n",
      "process 3 foldprocess 4 fold\n",
      "\n"
     ]
    }
   ],
   "source": [
    "#postfix = \"_hybrid_no_signal\"\n",
    "#postfix_SB = \"_no_signal\"\n",
    "postfix = \"_hybrid\"\n",
    "postfix_SB = \"\"\n",
    "\n",
    "import os\n",
    "from concurrent.futures import ThreadPoolExecutor, as_completed\n",
    "\n",
    "def run_fold(fold):\n",
    "    print(f\"process {fold} fold\")\n",
    "    folddir = f\"fold_{fold}\"\n",
    "    inputdir = os.path.join(clean_and_append(config[\"output\"][\"storedir\"], postfix), \"SR\")\n",
    "    inputdir_SB = os.path.join(clean_and_append(config[\"output\"][\"storedir\"], postfix_SB), \"SB\")\n",
    "\n",
    "    fold_path = os.path.join(inputdir, folddir)\n",
    "    files = sorted(\n",
    "        (os.path.join(fold_path, f) for f in os.listdir(fold_path)),\n",
    "        key=os.path.getmtime,\n",
    "        reverse=True\n",
    "    )\n",
    "    split = [fold * (1.0 / kfold), (fold + 1) * (1.0 / kfold)]\n",
    "    data = predict(\n",
    "        config=config,\n",
    "        split=split,\n",
    "        checkpoint=files[0],\n",
    "        inputdir=inputdir,\n",
    "        inputdir_SB=inputdir_SB,\n",
    "        event_info=event_info,\n",
    "        global_config=global_config,\n",
    "        device=device\n",
    "    )\n",
    "    return data\n",
    "\n",
    "data_processed = {}\n",
    "\n",
    "with ThreadPoolExecutor(max_workers=kfold) as executor:\n",
    "    future_to_fold = {executor.submit(run_fold, fold): fold for fold in range(kfold)}\n",
    "    for future in as_completed(future_to_fold):\n",
    "        fold = future_to_fold[future]\n",
    "        try:\n",
    "            data = future.result()\n",
    "            for k, v in data.items():\n",
    "                if k not in data_processed:\n",
    "                    data_processed[k] = []\n",
    "                data_processed[k].append(v)\n",
    "        except Exception as e:\n",
    "            print(f\"Error in fold {fold}: {e}\")\n"
   ]
  },
  {
   "cell_type": "code",
   "execution_count": 50,
   "id": "5605b789-2ccb-4eb3-a20b-b5541e112cef",
   "metadata": {},
   "outputs": [
    {
     "data": {
      "text/plain": [
       "{'x': array([[[ 1.05658375e-01,  1.89154587e+01, -1.14965820e+00,\n",
       "          -2.15478516e+00,  4.88891602e-02],\n",
       "         [ 1.05658375e-01,  1.60816364e+01, -1.14575195e+00,\n",
       "          -1.66137695e+00,  4.88891602e-02]],\n",
       " \n",
       "        [[ 1.05658375e-01,  2.32714806e+01, -1.62292480e-01,\n",
       "          -1.26977539e+00,  2.29454041e-03],\n",
       "         [ 1.05658375e-01,  8.14969158e+00, -1.99859619e-01,\n",
       "          -1.88427734e+00,  2.29454041e-03]],\n",
       " \n",
       "        [[ 1.05658375e-01,  2.08663330e+01,  7.84057617e-01,\n",
       "          -4.28283691e-01,  3.09944153e-03],\n",
       "         [ 1.05658375e-01,  8.94634342e+00,  3.23852539e-01,\n",
       "          -3.62060547e-01,  3.09944153e-03]],\n",
       " \n",
       "        ...,\n",
       " \n",
       "        [[ 1.05658375e-01,  4.63912392e+01,  2.79602051e-01,\n",
       "          -1.34594727e+00,  4.11987305e-03],\n",
       "         [ 1.05658375e-01,  4.22578697e+01,  1.38458252e-01,\n",
       "          -1.19091797e+00,  4.11987305e-03]],\n",
       " \n",
       "        [[ 1.05658375e-01,  2.68733349e+01,  2.42431641e-01,\n",
       "           9.42626953e-01,  3.23181152e-02],\n",
       "         [ 1.05658375e-01,  8.23932552e+00,  7.92236328e-01,\n",
       "           1.19165039e+00,  3.23181152e-02]],\n",
       " \n",
       "        [[ 1.05658375e-01,  2.41035366e+01, -8.96362305e-01,\n",
       "          -2.68066406e+00,  3.81774902e-02],\n",
       "         [ 1.05658375e-01,  1.37582302e+01, -1.40527344e+00,\n",
       "          -2.82128906e+00,  3.81774902e-02]]], dtype=float32),\n",
       " 'x_mask': array([[ True,  True],\n",
       "        [ True,  True],\n",
       "        [ True,  True],\n",
       "        ...,\n",
       "        [ True,  True],\n",
       "        [ True,  True],\n",
       "        [ True,  True]]),\n",
       " 'conditions': array([[ 0.      , 34.997093],\n",
       "        [ 0.      , 31.421173],\n",
       "        [ 0.      , 29.812675],\n",
       "        ...,\n",
       "        [ 0.      , 88.64911 ],\n",
       "        [ 0.      , 35.11266 ],\n",
       "        [ 0.      , 37.861767]], dtype=float32),\n",
       " 'conditions_mask': array([[ True],\n",
       "        [ True],\n",
       "        [ True],\n",
       "        ...,\n",
       "        [ True],\n",
       "        [ True],\n",
       "        [ True]]),\n",
       " 'num_sequential_vectors': array([2, 2, 2, ..., 2, 2, 2]),\n",
       " 'num_vectors': array([3, 3, 3, ..., 3, 3, 3]),\n",
       " 'assignment_indices': array([[ 8.521458, 34.997093],\n",
       "        [ 8.34964 , 31.421173],\n",
       "        [ 6.412183, 29.812675],\n",
       "        ...,\n",
       "        [ 9.283538, 88.64911 ],\n",
       "        [ 9.074669, 35.11266 ],\n",
       "        [ 9.713323, 37.861767]], dtype=float32),\n",
       " 'assignment_indices_mask': array([[ 8.521458, 34.997093],\n",
       "        [ 8.34964 , 31.421173],\n",
       "        [ 6.412183, 29.812675],\n",
       "        ...,\n",
       "        [ 9.283538, 88.64911 ],\n",
       "        [ 9.074669, 35.11266 ],\n",
       "        [ 9.713323, 37.861767]], dtype=float32),\n",
       " 'assignment_mask': array([[ 8.521458, 34.997093],\n",
       "        [ 8.34964 , 31.421173],\n",
       "        [ 6.412183, 29.812675],\n",
       "        ...,\n",
       "        [ 9.283538, 88.64911 ],\n",
       "        [ 9.074669, 35.11266 ],\n",
       "        [ 9.713323, 37.861767]], dtype=float32),\n",
       " 'classification': array([0, 0, 0, ..., 1, 1, 1]),\n",
       " 'regression': array([[ 8.521458, 34.997093],\n",
       "        [ 8.34964 , 31.421173],\n",
       "        [ 6.412183, 29.812675],\n",
       "        ...,\n",
       "        [ 9.283538, 88.64911 ],\n",
       "        [ 9.074669, 35.11266 ],\n",
       "        [ 9.713323, 37.861767]], dtype=float32),\n",
       " 'regression_mask': array([[ 8.521458, 34.997093],\n",
       "        [ 8.34964 , 31.421173],\n",
       "        [ 6.412183, 29.812675],\n",
       "        ...,\n",
       "        [ 9.283538, 88.64911 ],\n",
       "        [ 9.074669, 35.11266 ],\n",
       "        [ 9.713323, 37.861767]], dtype=float32),\n",
       " 'x_invisible': array([[[0., 0., 0., 0., 0.],\n",
       "         [0., 0., 0., 0., 0.]],\n",
       " \n",
       "        [[0., 0., 0., 0., 0.],\n",
       "         [0., 0., 0., 0., 0.]],\n",
       " \n",
       "        [[0., 0., 0., 0., 0.],\n",
       "         [0., 0., 0., 0., 0.]],\n",
       " \n",
       "        ...,\n",
       " \n",
       "        [[0., 0., 0., 0., 0.],\n",
       "         [0., 0., 0., 0., 0.]],\n",
       " \n",
       "        [[0., 0., 0., 0., 0.],\n",
       "         [0., 0., 0., 0., 0.]],\n",
       " \n",
       "        [[0., 0., 0., 0., 0.],\n",
       "         [0., 0., 0., 0., 0.]]], dtype=float32),\n",
       " 'x_invisible_mask': array([[False, False],\n",
       "        [False, False],\n",
       "        [False, False],\n",
       "        ...,\n",
       "        [False, False],\n",
       "        [False, False],\n",
       "        [False, False]]),\n",
       " 'inv_mass': array([8.521458, 8.34964 , 6.412183, ..., 9.283538, 9.074669, 9.713323],\n",
       "       dtype=float32),\n",
       " 'mva_score': array([0.9977562 , 0.99740005, 0.9993623 , ..., 0.9320836 , 0.9451059 ,\n",
       "        0.93281806], dtype=float32)}"
      ]
     },
     "execution_count": 50,
     "metadata": {},
     "output_type": "execute_result"
    }
   ],
   "source": [
    "df_data"
   ]
  },
  {
   "cell_type": "code",
   "execution_count": 51,
   "id": "882a69bc-c6f2-48ec-9a60-2e53d31bb998",
   "metadata": {},
   "outputs": [],
   "source": [
    "df_data = {k: np.concatenate(v) for k, v in data_processed.items()}"
   ]
  },
  {
   "cell_type": "code",
   "execution_count": 52,
   "id": "3d6191ef-d21a-4eee-9349-fcf4f9b56e1a",
   "metadata": {},
   "outputs": [],
   "source": [
    "jet = ak.from_regular(vector.zip(\n",
    "    {\n",
    "        \"pt\": ak.from_numpy(read_feature(df_data[\"x\"], event_info, 'pt')),\n",
    "        \"eta\": ak.from_numpy(read_feature(df_data[\"x\"], event_info, 'eta')),\n",
    "        \"phi\": ak.from_numpy(read_feature(df_data[\"x\"], event_info, 'phi')),\n",
    "        \"mass\": ak.from_numpy(read_feature(df_data[\"x\"], event_info, 'mass')),\n",
    "    }\n",
    "))"
   ]
  },
  {
   "cell_type": "code",
   "execution_count": 53,
   "id": "fea98d03-49df-4010-be41-c25bb780d08f",
   "metadata": {},
   "outputs": [
    {
     "data": {
      "text/html": [
       "<pre>[[{rho: 18.5, phi: 2.89, eta: -0.925, tau: 0.106}, {rho: 13.5, ...}],\n",
       " [{rho: 46.5, phi: -0.0257, eta: -0.347, tau: 0.106}, {rho: 21.5, ...}],\n",
       " [{rho: 19.1, phi: -1.91, eta: 1.63, tau: 0.106}, {rho: 8.62, ...}],\n",
       " [{rho: 44.4, phi: 2.47, eta: -0.735, tau: 0.106}, {rho: 8.84, ...}],\n",
       " [{rho: 19.7, phi: 2.07, eta: -1.3, tau: 0.106}, {rho: 15.2, ...}],\n",
       " [{rho: 19.7, phi: -2, eta: -1.86, tau: 0.106}, {rho: 11.1, ...}],\n",
       " [{rho: 22.3, phi: -1.1, eta: 2.16, tau: 0.106}, {rho: 8.69, ...}],\n",
       " [{rho: 22.4, phi: 0.761, eta: -1.35, tau: 0.106}, {rho: 9.8, ...}],\n",
       " [{rho: 52.9, phi: -1.99, eta: 0.897, tau: 0.106}, {rho: 14.8, ...}],\n",
       " [{rho: 21.2, phi: -0.343, eta: -0.419, tau: 0.106}, {rho: 11.9, ...}],\n",
       " ...,\n",
       " [{rho: 32.2, phi: -2.23, eta: 0.533, tau: 0.106}, {rho: 10.8, ...}],\n",
       " [{rho: 24.8, phi: 3.04, eta: -1.85, tau: 0.106}, {rho: 23, ...}],\n",
       " [{rho: 25.7, phi: -0.0609, eta: -1.1, tau: 0.106}, {rho: 15.3, ...}],\n",
       " [{rho: 59.4, phi: 1.56, eta: 0.803, tau: 0.106}, {rho: 42.1, ...}],\n",
       " [{rho: 46.5, phi: 2.74, eta: 0.0769, tau: 0.106}, {rho: 16.2, ...}],\n",
       " [{rho: 27.7, phi: 3.11, eta: -0.503, tau: 0.106}, {rho: 15.3, ...}],\n",
       " [{rho: 28.7, phi: -0.819, eta: 0.63, tau: 0.106}, {rho: 26.6, ...}],\n",
       " [{rho: 22.6, phi: -0.0501, eta: -0.345, tau: 0.106}, {rho: 14.4, ...}],\n",
       " [{rho: 26.9, phi: 0.857, eta: -0.269, tau: 0.106}, {rho: 26.4, ...}]]\n",
       "--------------------------------------------------------------------------------------------------------\n",
       "backend: cpu\n",
       "nbytes: 493.3 kB\n",
       "type: 12332 * var * Momentum4D[\n",
       "    rho: float32,\n",
       "    phi: float32,\n",
       "    eta: float32,\n",
       "    tau: float32\n",
       "]</pre>"
      ],
      "text/plain": [
       "<MomentumArray4D [[{rho: 18.5, phi: ..., ...}, ...], ...] type='12332 * var...'>"
      ]
     },
     "execution_count": 53,
     "metadata": {},
     "output_type": "execute_result"
    }
   ],
   "source": [
    "jet"
   ]
  },
  {
   "cell_type": "code",
   "execution_count": 54,
   "id": "24faeb15-85c9-4232-9639-1b96a9dbc5f6",
   "metadata": {},
   "outputs": [],
   "source": [
    "df_data[\"inv_mass\"] = (jet[...,0] + jet[...,1]).mass.to_numpy()"
   ]
  },
  {
   "cell_type": "code",
   "execution_count": 55,
   "id": "c1dc1ac6-9125-4640-9803-9bdcbb3fc745",
   "metadata": {},
   "outputs": [
    {
     "name": "stderr",
     "output_type": "stream",
     "text": [
      "<>:149: SyntaxWarning: invalid escape sequence '\\m'\n",
      "<>:149: SyntaxWarning: invalid escape sequence '\\m'\n",
      "/tmp/ipykernel_249729/3499439437.py:149: SyntaxWarning: invalid escape sequence '\\m'\n",
      "  plt.xlabel(\"$M_{\\mu\\mu}$ [GeV]\", fontsize = 18)\n"
     ]
    }
   ],
   "source": [
    "from joblib import Parallel, delayed\n",
    "def plot_histograms_with_fits(\n",
    "    fpr_thresholds,\n",
    "    data_dict,\n",
    "    fit_degree,\n",
    "    title,\n",
    "    SB_left,\n",
    "    SR_left,\n",
    "    SR_right,\n",
    "    SB_right, \n",
    "    num_bins_SR,\n",
    "    n_folds= 5,\n",
    "    take_score_avg=True,\n",
    "    latex_flag=False,\n",
    "    ymin = 1.0,\n",
    "    ymax = 1e5,\n",
    "    ncpu = 1,\n",
    "    legend_title = r\"$\\bf{CMS 2016 Open Data: Dimuons}$\",\n",
    "    fit = False\n",
    "):\n",
    "    \n",
    "\n",
    "    save_data = {}\n",
    "    save_data[\"fpr_thresholds\"] = fpr_thresholds\n",
    "    save_data[\"fit_degree\"] = fit_degree\n",
    "    save_data[\"num_bins_SR\"] = num_bins_SR\n",
    "    save_data[\"popts\"] = []\n",
    "    save_data[\"pcovs\"] = []\n",
    "    save_data[\"significances\"] = []\n",
    "    save_data[\"filtered_masses\"] = []\n",
    "    save_data[\"y_vals\"] = []\n",
    "\n",
    "\n",
    "    # define bins and bin edges for the SB and SR\n",
    "    # change the bin width with `num_bins_SR`\n",
    "    plot_bins_all, plot_bins_SR, plot_bins_left, plot_bins_right, plot_centers_all, plot_centers_SR, plot_centers_SB = get_bins(SR_left, SR_right, SB_left, SB_right, num_bins_SR = num_bins_SR)\n",
    "\n",
    "    # Get a list of all possible cuts for the feature\n",
    "\n",
    "    all_scores = data_dict[\"mva_score\"]\n",
    "    all_masses = data_dict[\"inv_mass\"]\n",
    "    in_SR = (all_masses >= SR_left ) & (all_masses <= SR_right)\n",
    "    in_SBL = (all_masses < SR_left )\n",
    "    in_SBH = (all_masses > SR_right )\n",
    "\n",
    "    mass_SBL = all_masses[in_SBL]\n",
    "    mass_SR = all_masses[in_SR]\n",
    "    mass_SBH = all_masses[in_SBH]\n",
    "\n",
    "    feature_SBL = all_scores[in_SBL]\n",
    "    feature_SR = all_scores[in_SR]\n",
    "    feature_SBH = all_scores[in_SBH]\n",
    "\n",
    "    feature_cut_points = np.linspace(np.min(all_scores), np.max(all_scores), 10000)\n",
    "    # For each cut, calculate the number of signal and background events in the SR\n",
    "    num_in_SBL = []\n",
    "    num_in_SR = []\n",
    "    num_in_SBH = []\n",
    "    FPR = []\n",
    "    for cut in feature_cut_points:\n",
    "        num_in_SBL.append(np.sum(feature_SBL >= cut)/len(feature_SBL))\n",
    "        num_in_SR.append(np.sum(feature_SR >= cut)/len(feature_SR))\n",
    "        num_in_SBH.append(np.sum(feature_SBH >= cut)/len(feature_SBH))\n",
    "\n",
    "        FPR.append((np.sum(feature_SBH >= cut)+np.sum(feature_SBL >= cut))/(len(feature_SBH)+len(feature_SBL)))\n",
    "\n",
    "\n",
    "\n",
    "\n",
    "    fig, ax = newplot(\"full\", width = 12, height = 9, use_tex = latex_flag)\n",
    "\n",
    "    def process_threshold(t, threshold):\n",
    "        # Best cut at this threshold\n",
    "        best_feature_cut = feature_cut_points[np.argmin(np.abs(np.array(FPR) - threshold))]\n",
    "    \n",
    "        mass_SBL_cut = mass_SBL[feature_SBL >= best_feature_cut]\n",
    "        mass_SR_cut = mass_SR[feature_SR >= best_feature_cut]\n",
    "        mass_SBH_cut = mass_SBH[feature_SBH >= best_feature_cut]\n",
    "    \n",
    "        filtered_masses = np.concatenate((mass_SBL_cut, mass_SR_cut, mass_SBH_cut))\n",
    "    \n",
    "        # Fit\n",
    "        popt, pcov, chi2, y_vals, n_dof = curve_fit_m_inv(\n",
    "            filtered_masses, fit_degree, SR_left, SR_right, plot_bins_left, plot_bins_right, plot_centers_SB\n",
    "        )\n",
    "    \n",
    "        # Test statistic\n",
    "        if fit:\n",
    "            S, B, q0 = calculate_test_statistic(\n",
    "                filtered_masses, SR_left, SR_right, SB_left, SB_right, num_bins_SR,\n",
    "                degree=fit_degree, starting_guess=popt\n",
    "            )\n",
    "        else:\n",
    "            S, B, q0 = 10, 100, 0\n",
    "\n",
    "        total_events = len(filtered_masses)\n",
    "    \n",
    "        label_string = f\"{round(100 * threshold, 2)}% FPR: {total_events} events,  $Z_0$: {round(np.sqrt(q0),2)}\"\n",
    "    \n",
    "        # Return everything needed\n",
    "        return {\n",
    "            \"t\": t,\n",
    "            \"threshold\": threshold,\n",
    "            \"filtered_masses\": filtered_masses,\n",
    "            \"popt\": popt,\n",
    "            \"pcov\": pcov,\n",
    "            \"significance\": np.sqrt(q0),\n",
    "            \"y_vals\": y_vals,\n",
    "            \"label_string\": label_string,\n",
    "        }\n",
    "\n",
    "\n",
    "    results = Parallel(n_jobs=ncpu)(delayed(process_threshold)(t, thr) for t, thr in enumerate(fpr_thresholds))\n",
    "    for result in results:\n",
    "        t = result[\"t\"]\n",
    "        plt.plot(plot_centers_all, parametric_fit(plot_centers_all, *result[\"popt\"]), lw=2, linestyle=\"dashed\", color=f\"C{t}\")\n",
    "        function_with_band(ax, parametric_fit, [SB_left, SB_right], result[\"popt\"], result[\"pcov\"], color=f\"C{t}\")\n",
    "        plt.hist(result[\"filtered_masses\"], bins=plot_bins_all, lw=3, histtype=\"step\", color=f\"C{t}\", label=result[\"label_string\"], alpha=0.75)\n",
    "        plt.scatter(plot_centers_SB, result[\"y_vals\"], color=f\"C{t}\")\n",
    "    \n",
    "        save_data[\"popts\"].append(result[\"popt\"])\n",
    "        save_data[\"pcovs\"].append(result[\"pcov\"])\n",
    "        save_data[\"significances\"].append(result[\"significance\"])\n",
    "        save_data[\"filtered_masses\"].append(result[\"filtered_masses\"])\n",
    "        save_data[\"y_vals\"].append(result[\"y_vals\"])\n",
    "\n",
    "    \n",
    "        \n",
    "    line1 = f\"{num_bins_SR -1 } Bins in SR\"\n",
    "    line2 = f\"Fit Type: {fit_degree}-degree Polynomial\"\n",
    "    # line3 = r\"Muon Iso_04 $\\geq$ 0.55\"\n",
    "    # line4 = r\"~6% of Original Data\"\n",
    "\n",
    "    starting_x = 0.05\n",
    "    starting_y = 0.8\n",
    "    delta_y = 0.04\n",
    "    text_alpha = 0.75\n",
    "    ax.text(starting_x, starting_y - 0 * delta_y, line1, transform=ax.transAxes, fontsize=14, verticalalignment='top', alpha = text_alpha)\n",
    "    ax.text(starting_x, starting_y - 1 * delta_y, line2, transform=ax.transAxes, fontsize=14, verticalalignment='top', alpha = text_alpha)\n",
    "    # ax.text(starting_x, starting_y - 2 * delta_y, line3, transform=ax.transAxes, fontsize=14, verticalalignment='top', alpha = text_alpha)\n",
    "    # ax.text(starting_x, starting_y - 3 * delta_y, line4, transform=ax.transAxes, fontsize=14, verticalalignment='top', alpha = text_alpha)\n",
    "\n",
    "    plt.legend(loc = (0.465, 0.575), fontsize = 14, title = legend_title, title_fontsize = 16)\n",
    "\n",
    "\n",
    "    plt.axvline(SR_left, color= \"k\", lw = 3, zorder = 10)\n",
    "    plt.axvline(SR_right, color= \"k\", lw = 3, zorder = 10)\n",
    "\n",
    "    plt.xlabel(\"$M_{\\mu\\mu}$ [GeV]\", fontsize = 18)\n",
    "    plt.ylabel(\"Events\", fontsize = 18)\n",
    "\n",
    "    plt.yscale(\"log\")\n",
    "    # plt.ylim(0.5, 1e3)\n",
    "    plt.ylim(ymin, ymax)\n",
    "\n",
    "    # Add more x ticks (major and minor)\n",
    "    plt.xticks(fontsize = 18)\n",
    "    plt.yticks(fontsize = 18)\n",
    "    plt.minorticks_on()\n",
    "    plt.tick_params(axis='x', which='minor', bottom=True)\n",
    "    plt.tick_params(axis='y', which='minor', left=True)\n",
    "\n",
    "        # Do the thing for the pre-isolation data\n",
    "    filtered_masses = data_dict[\"inv_mass\"]\n",
    "\n",
    "    # get the fit function to SB background\n",
    "    popt, pcov, chi2, y_vals, n_dof = curve_fit_m_inv(filtered_masses, fit_degree, SR_left, SR_right, plot_bins_left, plot_bins_right, plot_centers_SB)\n",
    "    #print(\"chi2/dof:\", chi2/n_dof)\n",
    "\n",
    "    \n",
    "    # plot the fit function\n",
    "    plt.plot(plot_centers_all, parametric_fit(plot_centers_all, *popt), lw = 2, linestyle = \"dashed\", color = f\"black\")    \n",
    "    function_with_band(ax, parametric_fit, [SB_left, SB_right], popt, pcov, color = f\"black\")\n",
    "    #S, B, q0 = calculate_test_statistic(filtered_masses, SR_left, SR_right, SB_left, SB_right, num_bins_SR, degree = fit_degree, starting_guess = popt)\n",
    "    S, B, q0 = 10, 100, 0\n",
    "    print(S, B, np.sqrt(q0))\n",
    "    print(popt)\n",
    "    \n",
    "    total_events = len(filtered_masses)\n",
    "    label_string = \"Pre-cut; \"+str(total_events)+\" events,  $Z_0$: \"+str(round(np.sqrt(q0),2))\n",
    "    plt.hist(filtered_masses, bins = plot_bins_all, lw = 3, histtype = \"step\", color = f\"black\",label = label_string, alpha = 0.75)\n",
    "    plt.scatter(plot_centers_SB, y_vals, color = f\"black\")\n",
    "\n",
    "    save_data[\"popts\"].append(popt)\n",
    "    save_data[\"pcovs\"].append(pcov)\n",
    "    save_data[\"significances\"].append(np.sqrt(q0))\n",
    "    save_data[\"filtered_masses\"].append(filtered_masses)\n",
    "    save_data[\"y_vals\"].append(y_vals)\n",
    "    \n",
    "    \n",
    "\n",
    "    # # Vertical Black Lines at boundaries of SR\n",
    "    # plt.axvline(SR_left, color = \"black\", linestyle = \"--\", lw = 2)\n",
    "    # plt.axvline(SR_right, color = \"black\", linestyle = \"--\", lw = 2)\n",
    "\n",
    "\n",
    "    # plt.title(title, fontsize = 24)\n",
    "    return save_data\n",
    "\n"
   ]
  },
  {
   "cell_type": "code",
   "execution_count": 56,
   "id": "07901bf3-2e26-4a11-beba-3b8d4e898541",
   "metadata": {},
   "outputs": [
    {
     "name": "stdout",
     "output_type": "stream",
     "text": [
      "10 100 0.0\n",
      "[ 1.01861658e+03  2.33058710e+02 -8.10386608e+01  7.75750810e+00\n",
      " -3.02654419e-01  4.09056330e-03]\n"
     ]
    },
    {
     "data": {
      "text/plain": [
       "{'fpr_thresholds': [1.0, 0.25, 0.1, 0.05, 0.01, 0.005],\n",
       " 'fit_degree': 5,\n",
       " 'num_bins_SR': 5,\n",
       " 'popts': [array([ 1.01861658e+03,  2.33058710e+02, -8.10386608e+01,  7.75750810e+00,\n",
       "         -3.02654419e-01,  4.09056330e-03]),\n",
       "  array([-7.83191730e+02,  5.48617335e+02, -1.09926816e+02,  9.89210574e+00,\n",
       "         -4.18611326e-01,  6.78759572e-03]),\n",
       "  array([-3.57682532e+02,  2.51429763e+02, -5.33151092e+01,  5.23430370e+00,\n",
       "         -2.47880491e-01,  4.59406840e-03]),\n",
       "  array([-5.05468156e+02,  2.99618759e+02, -6.25030946e+01,  6.20527749e+00,\n",
       "         -2.98600766e-01,  5.60697264e-03]),\n",
       "  array([ 4.13947390e+02, -2.13769606e+02,  4.37905010e+01, -4.38130830e+00,\n",
       "          2.13399966e-01, -4.04835698e-03]),\n",
       "  array([ 2.97590576e+02, -1.50391322e+02,  2.98003929e+01, -2.87561368e+00,\n",
       "          1.35114239e-01, -2.47691135e-03]),\n",
       "  array([ 1.01861658e+03,  2.33058710e+02, -8.10386608e+01,  7.75750810e+00,\n",
       "         -3.02654419e-01,  4.09056330e-03])],\n",
       " 'pcovs': [array([[ 8.26156594e+06, -4.26302317e+06,  8.50249707e+05,\n",
       "          -8.21112911e+04,  3.85142653e+03, -7.04110100e+01],\n",
       "         [-4.26302317e+06,  2.20557053e+06, -4.40984227e+05,\n",
       "           4.26839917e+04, -2.00623973e+03,  3.67468729e+01],\n",
       "         [ 8.50249707e+05, -4.40984227e+05,  8.83802328e+04,\n",
       "          -8.57363665e+03,  4.03815800e+02, -7.41061243e+00],\n",
       "         [-8.21112911e+04,  4.26839917e+04, -8.57363665e+03,\n",
       "           8.33499120e+02, -3.93373759e+01,  7.23278400e-01],\n",
       "         [ 3.85142653e+03, -2.00623973e+03,  4.03815800e+02,\n",
       "          -3.93373759e+01,  1.86018444e+00, -3.42662710e-02],\n",
       "         [-7.04110100e+01,  3.67468729e+01, -7.41061243e+00,\n",
       "           7.23278400e-01, -3.42662710e-02,  6.32353017e-04]]),\n",
       "  array([[ 2.49440679e+06, -1.28759551e+06,  2.56840677e+05,\n",
       "          -2.48028200e+04,  1.16316684e+03, -2.12585752e+01],\n",
       "         [-1.28759551e+06,  6.66382327e+05, -1.33250375e+05,\n",
       "           1.28967711e+04, -6.06055306e+02,  1.10972452e+01],\n",
       "         [ 2.56840677e+05, -1.33250375e+05,  2.67075216e+04,\n",
       "          -2.59063469e+03,  1.21991899e+02, -2.23800348e+00],\n",
       "         [-2.48028200e+04,  1.28967711e+04, -2.59063469e+03,\n",
       "           2.51827047e+02, -1.18823761e+01,  2.18402011e-01],\n",
       "         [ 1.16316684e+03, -6.06055306e+02,  1.21991899e+02,\n",
       "          -1.18823761e+01,  5.61757670e-01, -1.03444497e-02],\n",
       "         [-2.12585752e+01,  1.10972452e+01, -2.23800348e+00,\n",
       "           2.18402011e-01, -1.03444497e-02,  1.90827845e-04]]),\n",
       "  array([[ 1.43050912e+06, -7.37659722e+05,  1.46996511e+05,\n",
       "          -1.41817393e+04,  6.64476214e+02, -1.21341348e+01],\n",
       "         [-7.37659722e+05,  3.81360027e+05, -7.61789570e+04,\n",
       "           7.36590707e+03, -3.45830795e+02,  6.32708519e+00],\n",
       "         [ 1.46996511e+05, -7.61789570e+04,  1.52527714e+04,\n",
       "          -1.47808038e+03,  6.95392690e+01, -1.27467727e+00],\n",
       "         [-1.41817393e+04,  7.36590707e+03, -1.47808038e+03,\n",
       "           1.43539901e+02, -6.76682589e+00,  1.24275240e-01],\n",
       "         [ 6.64476214e+02, -3.45830795e+02,  6.95392690e+01,\n",
       "          -6.76682589e+00,  3.19630630e-01, -5.88112896e-03],\n",
       "         [-1.21341348e+01,  6.32708519e+00, -1.27467727e+00,\n",
       "           1.24275240e-01, -5.88112896e-03,  1.08407134e-04]]),\n",
       "  array([[ 9.45585899e+05, -4.86165834e+05,  9.65967571e+04,\n",
       "          -9.29282984e+03,  4.34230727e+02, -7.90958413e+00],\n",
       "         [-4.86165834e+05,  2.50616328e+05, -4.99191866e+04,\n",
       "           4.81342882e+03, -2.25397225e+02,  4.11364745e+00],\n",
       "         [ 9.65967571e+04, -4.99191866e+04,  9.96722337e+03,\n",
       "          -9.63287685e+02,  4.52046036e+01, -8.26666366e-01],\n",
       "         [-9.29282984e+03,  4.81342882e+03, -9.63287685e+02,\n",
       "           9.33044243e+01, -4.38783211e+00,  8.04024354e-02],\n",
       "         [ 4.34230727e+02, -2.25397225e+02,  4.52046036e+01,\n",
       "          -4.38783211e+00,  2.06771967e-01, -3.79636514e-03],\n",
       "         [-7.90958413e+00,  4.11364745e+00, -8.26666366e-01,\n",
       "           8.04024354e-02, -3.79636514e-03,  6.98353411e-05]]),\n",
       "  array([[ 5.65924689e+04, -2.91422922e+04,  5.80432894e+03,\n",
       "          -5.60043563e+02,  2.62550369e+01, -4.79853711e-01],\n",
       "         [-2.91422922e+04,  1.50490658e+04, -3.00528460e+03,\n",
       "           2.90679648e+02, -1.36576626e+01,  2.50126759e-01],\n",
       "         [ 5.80432894e+03, -3.00528460e+03,  6.01682779e+02,\n",
       "          -5.83364683e+01,  2.74711362e+00, -5.04156454e-02],\n",
       "         [-5.60043563e+02,  2.90679648e+02, -5.83364683e+01,\n",
       "           5.66916186e+00, -2.67554861e-01,  4.92044292e-03],\n",
       "         [ 2.62550369e+01, -1.36576626e+01,  2.74711362e+00,\n",
       "          -2.67554861e-01,  1.26541425e-02, -2.33189181e-04],\n",
       "         [-4.79853711e-01,  2.50126759e-01, -5.04156454e-02,\n",
       "           4.92044292e-03, -2.33189181e-04,  4.30564035e-06]]),\n",
       "  array([[ 6.36354861e+04, -3.28931758e+04,  6.56871993e+03,\n",
       "          -6.34827972e+02,  2.97862881e+01, -5.44545332e-01],\n",
       "         [-3.28931758e+04,  1.70429165e+04, -3.41109148e+03,\n",
       "           3.30353362e+02, -1.55304356e+01,  2.84434090e-01],\n",
       "         [ 6.56871993e+03, -3.41109148e+03,  6.84213470e+02,\n",
       "          -6.64028785e+01,  3.12791181e+00, -5.73935383e-02],\n",
       "         [-6.34827972e+02,  3.30353362e+02, -6.64028785e+01,\n",
       "           6.45767649e+00, -3.04795303e-01,  5.60326593e-03],\n",
       "         [ 2.97862881e+01, -1.55304356e+01,  3.12791181e+00,\n",
       "          -3.04795303e-01,  1.44141501e-02, -2.65485845e-04],\n",
       "         [-5.44545332e-01,  2.84434090e-01, -5.73935383e-02,\n",
       "           5.60326593e-03, -2.65485845e-04,  4.89882638e-06]]),\n",
       "  array([[ 8.26156594e+06, -4.26302317e+06,  8.50249707e+05,\n",
       "          -8.21112911e+04,  3.85142653e+03, -7.04110100e+01],\n",
       "         [-4.26302317e+06,  2.20557053e+06, -4.40984227e+05,\n",
       "           4.26839917e+04, -2.00623973e+03,  3.67468729e+01],\n",
       "         [ 8.50249707e+05, -4.40984227e+05,  8.83802328e+04,\n",
       "          -8.57363665e+03,  4.03815800e+02, -7.41061243e+00],\n",
       "         [-8.21112911e+04,  4.26839917e+04, -8.57363665e+03,\n",
       "           8.33499120e+02, -3.93373759e+01,  7.23278400e-01],\n",
       "         [ 3.85142653e+03, -2.00623973e+03,  4.03815800e+02,\n",
       "          -3.93373759e+01,  1.86018444e+00, -3.42662710e-02],\n",
       "         [-7.04110100e+01,  3.67468729e+01, -7.41061243e+00,\n",
       "           7.23278400e-01, -3.42662710e-02,  6.32353017e-04]])],\n",
       " 'significances': [1.3460423623278395, 0.0, 0.0, 0.0, 0.0, 0.0, 0.0],\n",
       " 'filtered_masses': [array([ 7.533916,  6.415808,  8.92089 , ..., 11.690251, 11.407373,\n",
       "         12.485071], dtype=float32),\n",
       "  array([ 5.8484325,  7.4975176,  7.4307513, ..., 14.736487 , 11.407373 ,\n",
       "         12.485071 ], dtype=float32),\n",
       "  array([ 7.845275 ,  5.6809287,  5.179116 , ..., 13.417354 , 14.736487 ,\n",
       "         12.485071 ], dtype=float32),\n",
       "  array([ 6.412183 ,  5.7860622,  7.3747354,  5.1526384,  5.5400486,\n",
       "          5.568707 ,  5.088667 ,  6.561728 ,  7.094916 ,  6.962397 ,\n",
       "          5.003301 ,  8.340121 ,  8.846896 ,  8.535155 ,  7.524837 ,\n",
       "          7.289142 ,  8.074815 ,  8.534054 ,  5.7137957,  5.9419804,\n",
       "          5.9206176,  5.820433 ,  5.7732205,  8.196679 ,  7.229818 ,\n",
       "          7.531278 ,  5.6335764,  6.9852138,  6.550007 ,  6.8385396,\n",
       "          5.6243925,  6.8445616,  8.197502 ,  6.478254 ,  5.769371 ,\n",
       "          8.543954 ,  5.3373613,  6.267534 ,  5.1015563,  5.7416506,\n",
       "          7.7156496,  5.628688 ,  5.1931443,  6.8912625,  7.38094  ,\n",
       "          8.24094  ,  6.4881577,  7.590277 ,  7.1274495,  5.9185348,\n",
       "          6.1042376,  6.527698 ,  8.232277 ,  7.339743 ,  6.534847 ,\n",
       "          7.3578987,  5.7325864,  7.106468 ,  6.3267937,  8.375823 ,\n",
       "          7.314386 ,  8.716958 ,  8.576446 ,  6.4198313,  7.178799 ,\n",
       "          6.9722524,  5.6211357,  5.6068716,  7.1071596,  8.169388 ,\n",
       "          6.6812544,  6.031341 ,  5.5889688,  5.9034176,  7.546495 ,\n",
       "          5.805986 ,  7.1364098,  7.3881884,  8.323477 ,  6.1291637,\n",
       "          8.101371 ,  8.198406 ,  5.013909 ,  6.170421 ,  6.433934 ,\n",
       "          7.5934367,  5.724233 ,  5.4337273,  5.067272 ,  7.9206266,\n",
       "          6.76797  ,  5.783361 ,  6.3551507,  8.507895 ,  8.170127 ,\n",
       "          5.0087204,  8.164358 ,  7.995604 ,  7.7414975,  6.7947373,\n",
       "          7.9540997,  5.7972646,  7.635207 ,  7.531185 ,  7.932054 ,\n",
       "          6.6596236,  5.9403777,  6.3529606,  7.7439494,  5.354567 ,\n",
       "          7.7431216,  6.4269104,  7.6192665,  8.702066 ,  7.2042775,\n",
       "          6.7327704,  5.5016866,  5.3547835,  5.1671643,  5.807967 ,\n",
       "          5.8611665,  5.4011164,  5.80628  ,  8.13809  ,  7.9531097,\n",
       "          6.204355 ,  5.4054937,  8.419636 ,  8.430082 ,  6.308941 ,\n",
       "          7.9012613,  5.1042   ,  5.791292 ,  7.2185726,  6.0805545,\n",
       "          6.6764016,  8.222218 ,  7.119404 ,  5.545048 ,  8.479587 ,\n",
       "          6.3745403,  7.666909 ,  8.457334 ,  7.3276086,  8.385692 ,\n",
       "          6.552112 ,  6.5546083,  6.11319  ,  6.050901 ,  8.849076 ,\n",
       "          6.958372 ,  6.410403 ,  8.533038 ,  7.127655 ,  8.907442 ,\n",
       "          7.6961174,  8.88351  ,  5.8419847,  6.3226347,  7.5268645,\n",
       "          7.08069  ,  5.4906816,  7.136384 ,  8.550281 ,  5.448366 ,\n",
       "          7.607915 ,  6.164335 ,  7.155414 ,  5.0501394,  6.2665405,\n",
       "          6.928538 ,  7.7385406,  6.983099 ,  7.7744465,  6.8149543,\n",
       "          8.592003 ,  6.7673206,  7.85281  ,  7.2710915,  5.628688 ,\n",
       "          7.252323 ,  7.326309 ,  7.4522076,  5.6746936,  7.445243 ,\n",
       "          7.8172956,  5.2120323,  6.3596053,  7.528867 ,  6.5971184,\n",
       "          7.840372 ,  7.303246 ,  6.1181803,  7.069043 ,  5.216141 ,\n",
