{
 "cells": [
  {
   "cell_type": "code",
   "execution_count": 1,
   "id": "ec425d4c-e9d0-4dfe-bf1b-b50d8fa81bbc",
   "metadata": {
    "ExecuteTime": {
     "end_time": "2025-04-27T11:15:56.400357Z",
     "start_time": "2025-04-27T11:15:56.395549Z"
    }
   },
   "outputs": [
    {
     "name": "stderr",
     "output_type": "stream",
     "text": [
      "/global/homes/t/tihsu/.conda/envs/ray/lib/python3.12/site-packages/zfit/__init__.py:60: UserWarning: TensorFlow warnings are by default suppressed by zfit. In order to show them, set the environment variable ZFIT_DISABLE_TF_WARNINGS=0. In order to suppress the TensorFlow warnings AND this warning, set ZFIT_DISABLE_TF_WARNINGS=1.\n",
      "  warnings.warn(\n",
      "2025-04-27 14:09:08.231682: E external/local_xla/xla/stream_executor/cuda/cuda_fft.cc:479] Unable to register cuFFT factory: Attempting to register factory for plugin cuFFT when one has already been registered\n",
      "2025-04-27 14:09:08.383718: E external/local_xla/xla/stream_executor/cuda/cuda_dnn.cc:10575] Unable to register cuDNN factory: Attempting to register factory for plugin cuDNN when one has already been registered\n",
      "2025-04-27 14:09:08.383738: E external/local_xla/xla/stream_executor/cuda/cuda_blas.cc:1442] Unable to register cuBLAS factory: Attempting to register factory for plugin cuBLAS when one has already been registered\n",
      "2025-04-27 14:09:38.544020: E external/local_xla/xla/stream_executor/cuda/cuda_driver.cc:282] failed call to cuInit: CUDA_ERROR_NO_DEVICE: no CUDA-capable device is detected\n"
     ]
    }
   ],
   "source": [
    "import argparse\n",
    "import yaml\n",
    "import os\n",
    "\n",
    "import sys\n",
    "# Add the parent directory of the notebook to the path\n",
    "sys.path.append(os.path.abspath(\"../..\"))\n",
    "\n",
    "import matplotlib.pyplot as plt\n",
    "\n",
    "import json\n",
    "import numpy as np\n",
    "import pyarrow.parquet as pq\n",
    "import awkward as ak\n",
    "import vector\n",
    "vector.register_awkward()\n",
    "import torch\n",
    "import torch.nn.functional as F\n",
    "\n",
    "\n",
    "from evenet.control.global_config import global_config\n",
    "from evenet.dataset.preprocess import process_event_batch, convert_batch_to_torch_tensor\n",
    "from evenet.network.evenet_model import EveNetModel\n",
    "from evenet.utilities.diffusion_sampler import DDIMSampler\n",
    "\n",
    "\n",
    "from helpers.physics_functions import get_bins\n",
    "from helpers.basic_fit import plot_mass_distribution\n",
    "from helpers.flow_sampling import get_mass_samples\n",
    "from helpers.stats_functions import curve_fit_m_inv, parametric_fit, check_bkg_for_peaks, calculate_test_statistic\n",
    "from helpers.plotting import read_feature, newplot, hist_with_outline, hist_with_errors, function_with_band, stamp\n",
    "from helpers.utils import save_file\n",
    "\n",
    "\n",
    "from rich.progress import Progress, BarColumn, TimeRemainingColumn\n",
    "\n",
    "from preprocessing.preprocess import unflatten_dict\n",
    "from functools import partial"
   ]
  },
  {
   "cell_type": "code",
   "execution_count": 2,
   "id": "77060a6c-5d50-4374-b5f9-85b3ab860eb8",
   "metadata": {},
   "outputs": [],
   "source": [
    "config_workflow = \"config/workflow_toy_model.yaml\"\n",
    "device = \"cpu\"\n",
    "with open(config_workflow) as f:\n",
    "    config = yaml.safe_load(f)\n",
    "step_dir = \"step2_bump_hunting\"\n",
    "global_config.load_yaml(config[\"train-cls\"][\"config\"])\n",
    "with open(config[\"input\"][\"event_info\"]) as f:\n",
    "    event_info = yaml.safe_load(f)\n",
    "\n",
    "kfold = 5\n"
   ]
  },
  {
   "cell_type": "code",
   "execution_count": 12,
   "id": "3aa7e6dc-2c90-4b02-a90a-afa2b345334d",
   "metadata": {},
   "outputs": [],
   "source": [
    "def predict(config,\n",
    "            split,\n",
    "            checkpoint,\n",
    "            inputdir,\n",
    "            inputdir_SB,\n",
    "            event_info,\n",
    "            global_config,\n",
    "            device):\n",
    "    os.makedirs(os.path.join(config[\"output\"][\"plotdir\"], step_dir), exist_ok=True)\n",
    "    checkpoint = torch.load(checkpoint, map_location=device)\n",
    "    normalization_dict = torch.load(os.path.join(inputdir, \"normalization.pt\"))\n",
    "    shape_metadata = json.load(open(os.path.join(inputdir, \"shape_metadata.json\")))\n",
    "    model = EveNetModel(\n",
    "        config = global_config,\n",
    "        device = torch.device(device),\n",
    "        normalization_dict=normalization_dict,\n",
    "        classification=True\n",
    "    ).to(device)\n",
    "    new_state_dict = dict()\n",
    "    for k, v in checkpoint[\"state_dict\"].items():\n",
    "        new_state_dict[k.replace(\"model.\", \"\")] = v\n",
    "    model.load_state_dict(new_state_dict)\n",
    "    model.eval()\n",
    "    df_dummy_SB = pq.read_table(\n",
    "        os.path.join(inputdir_SB, \"data.parquet\")\n",
    "    ).to_pandas()\n",
    "    df_dummy_SB.sample(frac=1).reset_index(drop=True)\n",
    "    df_dummy_SR = pq.read_table(\n",
    "        os.path.join(inputdir, \"data.parquet\")\n",
    "    ).to_pandas()\n",
    "    df_dummy_SR.sample(frac=1).reset_index(drop=True)\n",
    "    norm_dict = torch.load(os.path.join(config[\"output\"][\"storedir\"], \"SB\", \"normalization.pt\"))\n",
    "    \n",
    "    \n",
    "    df_SB = process_event_batch(\n",
    "        df_dummy_SB,\n",
    "        shape_metadata=shape_metadata,\n",
    "        unflatten=unflatten_dict,\n",
    "    )\n",
    "    \n",
    "    df_SR = process_event_batch(\n",
    "        df_dummy_SR,\n",
    "        shape_metadata=shape_metadata,\n",
    "        unflatten=unflatten_dict,\n",
    "    )\n",
    "\n",
    "    num_SB = df_SB[\"x\"].shape[0]\n",
    "    num_SR = df_SR[\"x\"].shape[0]\n",
    "\n",
    "    start_SB = int(split[0] * num_SB)\n",
    "    end_SB = int(split[1] * num_SB)\n",
    "    start_SR = int(split[0] * num_SR)\n",
    "    end_SR = int(split[1] * num_SR)\n",
    "    \n",
    "    df_SB = {k: v[start_SB:end_SB] for k, v in df_SB.items()}\n",
    "    df_SR = {k: v[start_SR:end_SR] for k, v in df_SR.items()}\n",
    "\n",
    "    df_SR = {k: v[df_SR[\"classification\"] == 1] for k,v in df_SR.items()}\n",
    "    df_data = {k: np.concatenate([df_SB[k], df_SR[k]]) for k in df_SB}\n",
    "    \n",
    "    batch = convert_batch_to_torch_tensor(df_data)\n",
    "    batch = {k: v for k, v in batch.items()}\n",
    "\n",
    "    batch_size = 1024\n",
    "    total_event = batch['x'].shape[0]\n",
    "\n",
    "    num_processed_sample = 0\n",
    "    results = []\n",
    "    with Progress(\n",
    "            \"[progress.description]{task.description}\",\n",
    "            BarColumn(),\n",
    "            \"[progress.percentage]{task.percentage:>3.0f}%\",\n",
    "            \"•\",\n",
    "            TimeRemainingColumn(),\n",
    "    ) as progress:\n",
    "        task = progress.add_task(\"Evaluating samples...\", total=total_event)\n",
    "    \n",
    "        while num_processed_sample < total_event:\n",
    "            with torch.no_grad():\n",
    "                batch_num = max(min(total_event - num_processed_sample, batch_size) , 1)\n",
    "                batch_input = {k: v[num_processed_sample: num_processed_sample + batch_num].to(device) for k, v in batch.items()}\n",
    "                output = model(batch_input, time = torch.zeros((batch_input[\"x\"].shape[0]), device=device))\n",
    "                num_processed_sample += batch_num\n",
    "                results.append(output[\"classification\"])\n",
    "\n",
    "    results = np.concatenate([F.softmax(v[\"classification/signal\"], dim=-1).detach().cpu().numpy() for v in results])\n",
    "    df_data[\"mva_score\"] = results[:, 1]\n",
    "    \n",
    "    return df_data"
   ]
  },
  {
   "cell_type": "code",
   "execution_count": 13,
   "id": "922902b6-2ce3-4ee8-81b8-ef1de566966c",
   "metadata": {},
   "outputs": [],
   "source": [
    "def clean_and_append(dirname, postfix):\n",
    "    if dirname.endswith(\"/\"):\n",
    "        dirname = dirname[:-1]\n",
    "    return dirname + postfix"
   ]
  },
  {
   "cell_type": "code",
   "execution_count": 14,
   "id": "e345210b-1ffc-4904-803d-ca7ab4108de4",
   "metadata": {},
   "outputs": [
    {
     "name": "stdout",
     "output_type": "stream",
     "text": [
      "process 0 fold\n"
     ]
    },
    {
     "data": {
      "application/vnd.jupyter.widget-view+json": {
       "model_id": "a38cb6a106ea4572acb7db15aa6a8773",
       "version_major": 2,
       "version_minor": 0
      },
      "text/plain": [
       "Output()"
      ]
     },
     "metadata": {},
     "output_type": "display_data"
    },
    {
     "data": {
      "text/html": [
       "<pre style=\"white-space:pre;overflow-x:auto;line-height:normal;font-family:Menlo,'DejaVu Sans Mono',consolas,'Courier New',monospace\"></pre>\n"
      ],
      "text/plain": []
     },
     "metadata": {},
     "output_type": "display_data"
    },
    {
     "name": "stdout",
     "output_type": "stream",
     "text": [
      "process 1 fold\n"
     ]
    },
    {
     "data": {
      "application/vnd.jupyter.widget-view+json": {
       "model_id": "a2ada7e294a540e789a009616e099738",
       "version_major": 2,
       "version_minor": 0
      },
      "text/plain": [
       "Output()"
      ]
     },
     "metadata": {},
     "output_type": "display_data"
    },
    {
     "data": {
      "text/html": [
       "<pre style=\"white-space:pre;overflow-x:auto;line-height:normal;font-family:Menlo,'DejaVu Sans Mono',consolas,'Courier New',monospace\"></pre>\n"
      ],
      "text/plain": []
     },
     "metadata": {},
     "output_type": "display_data"
    },
    {
     "name": "stdout",
     "output_type": "stream",
     "text": [
      "process 2 fold\n"
     ]
    },
    {
     "data": {
      "application/vnd.jupyter.widget-view+json": {
       "model_id": "c7af6227849241c594a9d494592d96a6",
       "version_major": 2,
       "version_minor": 0
      },
      "text/plain": [
       "Output()"
      ]
     },
     "metadata": {},
     "output_type": "display_data"
    },
    {
     "data": {
      "text/html": [
       "<pre style=\"white-space:pre;overflow-x:auto;line-height:normal;font-family:Menlo,'DejaVu Sans Mono',consolas,'Courier New',monospace\"></pre>\n"
      ],
      "text/plain": []
     },
     "metadata": {},
     "output_type": "display_data"
    },
    {
     "name": "stdout",
     "output_type": "stream",
     "text": [
      "process 3 fold\n"
     ]
    },
    {
     "data": {
      "application/vnd.jupyter.widget-view+json": {
       "model_id": "a2c675a3d6784d29ba5ee7c7685cf5eb",
       "version_major": 2,
       "version_minor": 0
      },
      "text/plain": [
       "Output()"
      ]
     },
     "metadata": {},
     "output_type": "display_data"
    },
    {
     "data": {
      "text/html": [
       "<pre style=\"white-space:pre;overflow-x:auto;line-height:normal;font-family:Menlo,'DejaVu Sans Mono',consolas,'Courier New',monospace\"></pre>\n"
      ],
      "text/plain": []
     },
     "metadata": {},
     "output_type": "display_data"
    },
    {
     "name": "stdout",
     "output_type": "stream",
     "text": [
      "process 4 fold\n"
     ]
    },
    {
     "data": {
      "application/vnd.jupyter.widget-view+json": {
       "model_id": "55c19a4371084b4aa0770672dc4150eb",
       "version_major": 2,
       "version_minor": 0
      },
      "text/plain": [
       "Output()"
      ]
     },
     "metadata": {},
     "output_type": "display_data"
    },
    {
     "data": {
      "text/html": [
       "<pre style=\"white-space:pre;overflow-x:auto;line-height:normal;font-family:Menlo,'DejaVu Sans Mono',consolas,'Courier New',monospace\"></pre>\n"
      ],
      "text/plain": []
     },
     "metadata": {},
     "output_type": "display_data"
    }
   ],
   "source": [
    "postfix = \"_hybrid_no_signal\"\n",
    "postfix_SB = \"_no_signal\"\n",
    "data_processed = dict()\n",
    "for fold in range(kfold):\n",
    "    print(f\"process {fold} fold\")\n",
    "    folddir = f\"fold_{fold}\"\n",
    "    inputdir =  os.path.join(clean_and_append(config[\"output\"][\"storedir\"], postfix), \"SR\")\n",
    "    inputdir_SB =  os.path.join(clean_and_append(config[\"output\"][\"storedir\"], postfix_SB), \"SB\")\n",
    "    files = sorted(\n",
    "        (os.path.join(inputdir, folddir, f) for f in os.listdir(os.path.join(inputdir, folddir))),\n",
    "        key=os.path.getmtime,\n",
    "        reverse=True\n",
    "    )\n",
    "    split = [fold * (1.0 / kfold), (fold+1) * (1.0 / kfold)]\n",
    "    data = predict(config = config,\n",
    "            split = split,\n",
    "            checkpoint = files[0],\n",
    "            inputdir = inputdir,\n",
    "            inputdir_SB = inputdir_SB,\n",
    "            event_info = event_info,\n",
    "            global_config = global_config,\n",
    "            device = device\n",
    "           )\n",
    "    for k,v in data.items():\n",
    "        if k not in data_processed:\n",
    "            data_processed[k] = []\n",
    "        data_processed[k].append(v)"
   ]
  },
  {
   "cell_type": "code",
   "execution_count": 15,
   "id": "882a69bc-c6f2-48ec-9a60-2e53d31bb998",
   "metadata": {},
   "outputs": [],
   "source": [
    "df_data = {k: np.concatenate(v) for k, v in data_processed.items()}"
   ]
  },
  {
   "cell_type": "code",
   "execution_count": 16,
   "id": "3d6191ef-d21a-4eee-9349-fcf4f9b56e1a",
   "metadata": {},
   "outputs": [],
   "source": [
    "jet = ak.from_regular(vector.zip(\n",
    "    {\n",
    "        \"pt\": ak.from_numpy(read_feature(df_data[\"x\"], event_info, 'pt')),\n",
    "        \"eta\": ak.from_numpy(read_feature(df_data[\"x\"], event_info, 'eta')),\n",
    "        \"phi\": ak.from_numpy(read_feature(df_data[\"x\"], event_info, 'phi')),\n",
    "        \"mass\": ak.from_numpy(read_feature(df_data[\"x\"], event_info, 'mass')),\n",
    "    }\n",
    "))"
   ]
  },
  {
   "cell_type": "code",
   "execution_count": 17,
   "id": "24faeb15-85c9-4232-9639-1b96a9dbc5f6",
   "metadata": {},
   "outputs": [],
   "source": [
    "df_data[\"inv_mass\"] = (jet[...,0] + jet[...,1]).mass.to_numpy()"
   ]
  },
  {
   "cell_type": "code",
   "execution_count": 18,
   "id": "c1dc1ac6-9125-4640-9803-9bdcbb3fc745",
   "metadata": {},
   "outputs": [
    {
     "name": "stderr",
     "output_type": "stream",
     "text": [
      "<>:149: SyntaxWarning: invalid escape sequence '\\m'\n",
      "<>:149: SyntaxWarning: invalid escape sequence '\\m'\n",
      "/tmp/ipykernel_320551/3499439437.py:149: SyntaxWarning: invalid escape sequence '\\m'\n",
      "  plt.xlabel(\"$M_{\\mu\\mu}$ [GeV]\", fontsize = 18)\n"
     ]
    }
   ],
   "source": [
    "from joblib import Parallel, delayed\n",
    "def plot_histograms_with_fits(\n",
    "    fpr_thresholds,\n",
    "    data_dict,\n",
    "    fit_degree,\n",
    "    title,\n",
    "    SB_left,\n",
    "    SR_left,\n",
    "    SR_right,\n",
    "    SB_right, \n",
    "    num_bins_SR,\n",
    "    n_folds= 5,\n",
    "    take_score_avg=True,\n",
    "    latex_flag=False,\n",
    "    ymin = 1.0,\n",
    "    ymax = 1e5,\n",
    "    ncpu = 1,\n",
    "    legend_title = r\"$\\bf{CMS 2016 Open Data: Dimuons}$\",\n",
    "    fit = False\n",
    "):\n",
    "    \n",
    "\n",
    "    save_data = {}\n",
    "    save_data[\"fpr_thresholds\"] = fpr_thresholds\n",
    "    save_data[\"fit_degree\"] = fit_degree\n",
    "    save_data[\"num_bins_SR\"] = num_bins_SR\n",
    "    save_data[\"popts\"] = []\n",
    "    save_data[\"pcovs\"] = []\n",
    "    save_data[\"significances\"] = []\n",
    "    save_data[\"filtered_masses\"] = []\n",
    "    save_data[\"y_vals\"] = []\n",
    "\n",
    "\n",
    "    # define bins and bin edges for the SB and SR\n",
    "    # change the bin width with `num_bins_SR`\n",
    "    plot_bins_all, plot_bins_SR, plot_bins_left, plot_bins_right, plot_centers_all, plot_centers_SR, plot_centers_SB = get_bins(SR_left, SR_right, SB_left, SB_right, num_bins_SR = num_bins_SR)\n",
    "\n",
    "    # Get a list of all possible cuts for the feature\n",
    "\n",
    "    all_scores = data_dict[\"mva_score\"]\n",
    "    all_masses = data_dict[\"inv_mass\"]\n",
    "    in_SR = (all_masses >= SR_left ) & (all_masses <= SR_right)\n",
    "    in_SBL = (all_masses < SR_left )\n",
    "    in_SBH = (all_masses > SR_right )\n",
    "\n",
    "    mass_SBL = all_masses[in_SBL]\n",
    "    mass_SR = all_masses[in_SR]\n",
    "    mass_SBH = all_masses[in_SBH]\n",
    "\n",
    "    feature_SBL = all_scores[in_SBL]\n",
    "    feature_SR = all_scores[in_SR]\n",
    "    feature_SBH = all_scores[in_SBH]\n",
    "\n",
    "    feature_cut_points = np.linspace(np.min(all_scores), np.max(all_scores), 10000)\n",
    "    # For each cut, calculate the number of signal and background events in the SR\n",
    "    num_in_SBL = []\n",
    "    num_in_SR = []\n",
    "    num_in_SBH = []\n",
    "    FPR = []\n",
    "    for cut in feature_cut_points:\n",
    "        num_in_SBL.append(np.sum(feature_SBL >= cut)/len(feature_SBL))\n",
    "        num_in_SR.append(np.sum(feature_SR >= cut)/len(feature_SR))\n",
    "        num_in_SBH.append(np.sum(feature_SBH >= cut)/len(feature_SBH))\n",
    "\n",
    "        FPR.append((np.sum(feature_SBH >= cut)+np.sum(feature_SBL >= cut))/(len(feature_SBH)+len(feature_SBL)))\n",
    "\n",
    "\n",
    "\n",
    "\n",
    "    fig, ax = newplot(\"full\", width = 12, height = 9, use_tex = latex_flag)\n",
    "\n",
    "    def process_threshold(t, threshold):\n",
    "        # Best cut at this threshold\n",
    "        best_feature_cut = feature_cut_points[np.argmin(np.abs(np.array(FPR) - threshold))]\n",
    "    \n",
    "        mass_SBL_cut = mass_SBL[feature_SBL >= best_feature_cut]\n",
    "        mass_SR_cut = mass_SR[feature_SR >= best_feature_cut]\n",
    "        mass_SBH_cut = mass_SBH[feature_SBH >= best_feature_cut]\n",
    "    \n",
    "        filtered_masses = np.concatenate((mass_SBL_cut, mass_SR_cut, mass_SBH_cut))\n",
    "    \n",
    "        # Fit\n",
    "        popt, pcov, chi2, y_vals, n_dof = curve_fit_m_inv(\n",
    "            filtered_masses, fit_degree, SR_left, SR_right, plot_bins_left, plot_bins_right, plot_centers_SB\n",
    "        )\n",
    "    \n",
    "        # Test statistic\n",
    "        if fit:\n",
    "            S, B, q0 = calculate_test_statistic(\n",
    "                filtered_masses, SR_left, SR_right, SB_left, SB_right, num_bins_SR,\n",
    "                degree=fit_degree, starting_guess=popt\n",
    "            )\n",
    "        else:\n",
    "            S, B, q0 = 10, 100, 0\n",
    "\n",
    "        total_events = len(filtered_masses)\n",
    "    \n",
    "        label_string = f\"{round(100 * threshold, 2)}% FPR: {total_events} events,  $Z_0$: {round(np.sqrt(q0),2)}\"\n",
    "    \n",
    "        # Return everything needed\n",
    "        return {\n",
    "            \"t\": t,\n",
    "            \"threshold\": threshold,\n",
    "            \"filtered_masses\": filtered_masses,\n",
    "            \"popt\": popt,\n",
    "            \"pcov\": pcov,\n",
    "            \"significance\": np.sqrt(q0),\n",
    "            \"y_vals\": y_vals,\n",
    "            \"label_string\": label_string,\n",
    "        }\n",
    "\n",
    "\n",
    "    results = Parallel(n_jobs=ncpu)(delayed(process_threshold)(t, thr) for t, thr in enumerate(fpr_thresholds))\n",
    "    for result in results:\n",
    "        t = result[\"t\"]\n",
    "        plt.plot(plot_centers_all, parametric_fit(plot_centers_all, *result[\"popt\"]), lw=2, linestyle=\"dashed\", color=f\"C{t}\")\n",
    "        function_with_band(ax, parametric_fit, [SB_left, SB_right], result[\"popt\"], result[\"pcov\"], color=f\"C{t}\")\n",
    "        plt.hist(result[\"filtered_masses\"], bins=plot_bins_all, lw=3, histtype=\"step\", color=f\"C{t}\", label=result[\"label_string\"], alpha=0.75)\n",
    "        plt.scatter(plot_centers_SB, result[\"y_vals\"], color=f\"C{t}\")\n",
    "    \n",
    "        save_data[\"popts\"].append(result[\"popt\"])\n",
    "        save_data[\"pcovs\"].append(result[\"pcov\"])\n",
    "        save_data[\"significances\"].append(result[\"significance\"])\n",
    "        save_data[\"filtered_masses\"].append(result[\"filtered_masses\"])\n",
    "        save_data[\"y_vals\"].append(result[\"y_vals\"])\n",
    "\n",
    "    \n",
    "        \n",
    "    line1 = f\"{num_bins_SR -1 } Bins in SR\"\n",
    "    line2 = f\"Fit Type: {fit_degree}-degree Polynomial\"\n",
    "    # line3 = r\"Muon Iso_04 $\\geq$ 0.55\"\n",
    "    # line4 = r\"~6% of Original Data\"\n",
    "\n",
    "    starting_x = 0.05\n",
    "    starting_y = 0.8\n",
    "    delta_y = 0.04\n",
    "    text_alpha = 0.75\n",
    "    ax.text(starting_x, starting_y - 0 * delta_y, line1, transform=ax.transAxes, fontsize=14, verticalalignment='top', alpha = text_alpha)\n",
    "    ax.text(starting_x, starting_y - 1 * delta_y, line2, transform=ax.transAxes, fontsize=14, verticalalignment='top', alpha = text_alpha)\n",
    "    # ax.text(starting_x, starting_y - 2 * delta_y, line3, transform=ax.transAxes, fontsize=14, verticalalignment='top', alpha = text_alpha)\n",
    "    # ax.text(starting_x, starting_y - 3 * delta_y, line4, transform=ax.transAxes, fontsize=14, verticalalignment='top', alpha = text_alpha)\n",
    "\n",
    "    plt.legend(loc = (0.465, 0.575), fontsize = 14, title = legend_title, title_fontsize = 16)\n",
    "\n",
    "\n",
    "    plt.axvline(SR_left, color= \"k\", lw = 3, zorder = 10)\n",
    "    plt.axvline(SR_right, color= \"k\", lw = 3, zorder = 10)\n",
    "\n",
    "    plt.xlabel(\"$M_{\\mu\\mu}$ [GeV]\", fontsize = 18)\n",
    "    plt.ylabel(\"Events\", fontsize = 18)\n",
    "\n",
    "    plt.yscale(\"log\")\n",
    "    # plt.ylim(0.5, 1e3)\n",
    "    plt.ylim(ymin, ymax)\n",
    "\n",
    "    # Add more x ticks (major and minor)\n",
    "    plt.xticks(fontsize = 18)\n",
    "    plt.yticks(fontsize = 18)\n",
    "    plt.minorticks_on()\n",
    "    plt.tick_params(axis='x', which='minor', bottom=True)\n",
    "    plt.tick_params(axis='y', which='minor', left=True)\n",
    "\n",
    "        # Do the thing for the pre-isolation data\n",
    "    filtered_masses = data_dict[\"inv_mass\"]\n",
    "\n",
    "    # get the fit function to SB background\n",
    "    popt, pcov, chi2, y_vals, n_dof = curve_fit_m_inv(filtered_masses, fit_degree, SR_left, SR_right, plot_bins_left, plot_bins_right, plot_centers_SB)\n",
    "    #print(\"chi2/dof:\", chi2/n_dof)\n",
    "\n",
    "    \n",
    "    # plot the fit function\n",
    "    plt.plot(plot_centers_all, parametric_fit(plot_centers_all, *popt), lw = 2, linestyle = \"dashed\", color = f\"black\")    \n",
    "    function_with_band(ax, parametric_fit, [SB_left, SB_right], popt, pcov, color = f\"black\")\n",
    "    #S, B, q0 = calculate_test_statistic(filtered_masses, SR_left, SR_right, SB_left, SB_right, num_bins_SR, degree = fit_degree, starting_guess = popt)\n",
    "    S, B, q0 = 10, 100, 0\n",
    "    print(S, B, np.sqrt(q0))\n",
    "    print(popt)\n",
    "    \n",
    "    total_events = len(filtered_masses)\n",
    "    label_string = \"Pre-cut; \"+str(total_events)+\" events,  $Z_0$: \"+str(round(np.sqrt(q0),2))\n",
    "    plt.hist(filtered_masses, bins = plot_bins_all, lw = 3, histtype = \"step\", color = f\"black\",label = label_string, alpha = 0.75)\n",
    "    plt.scatter(plot_centers_SB, y_vals, color = f\"black\")\n",
    "\n",
    "    save_data[\"popts\"].append(popt)\n",
    "    save_data[\"pcovs\"].append(pcov)\n",
    "    save_data[\"significances\"].append(np.sqrt(q0))\n",
    "    save_data[\"filtered_masses\"].append(filtered_masses)\n",
    "    save_data[\"y_vals\"].append(y_vals)\n",
    "    \n",
    "    \n",
    "\n",
    "    # # Vertical Black Lines at boundaries of SR\n",
    "    # plt.axvline(SR_left, color = \"black\", linestyle = \"--\", lw = 2)\n",
    "    # plt.axvline(SR_right, color = \"black\", linestyle = \"--\", lw = 2)\n",
    "\n",
    "\n",
    "    # plt.title(title, fontsize = 24)\n",
    "    return save_data\n",
    "\n"
   ]
  },
  {
   "cell_type": "code",
   "execution_count": 20,
   "id": "07901bf3-2e26-4a11-beba-3b8d4e898541",
   "metadata": {},
   "outputs": [
    {
     "name": "stdout",
     "output_type": "stream",
     "text": [
      "10 100 0.0\n",
      "[ 4.09408431e+05 -5.04869861e+03  2.57491031e+01 -6.65899555e-02\n",
      "  8.63938756e-05 -4.47282926e-08]\n"
     ]
    },
    {
     "data": {
      "text/plain": [
       "{'fpr_thresholds': [1.0, 0.25, 0.1, 0.05, 0.01, 0.005],\n",
       " 'fit_degree': 5,\n",
       " 'num_bins_SR': 20,\n",
       " 'popts': [array([ 4.09408431e+05, -5.04869861e+03,  2.57491031e+01, -6.65899555e-02,\n",
       "          8.63938756e-05, -4.47282926e-08]),\n",
       "  array([ 1.23880839e+05, -1.80346260e+03,  1.09100945e+01, -3.27742651e-02,\n",
       "          4.81471032e-05, -2.75861165e-08]),\n",
       "  array([ 3.84437908e+04, -5.68442873e+02,  3.58451734e+00, -1.11716135e-02,\n",
       "          1.68597039e-05, -9.84191667e-09]),\n",
       "  array([ 1.71543989e+04, -2.70576864e+02,  1.82188011e+00, -5.93494251e-03,\n",
       "          9.20705565e-06, -5.46700285e-09]),\n",
       "  array([ 5.16834656e+03, -9.41645469e+01,  6.66297505e-01, -2.18122349e-03,\n",
       "          3.34303336e-06, -1.94902764e-09]),\n",
       "  array([ 2.26998112e+03, -4.03046831e+01,  2.74632513e-01, -8.56836880e-04,\n",
       "          1.24457271e-06, -6.85711346e-10]),\n",
       "  array([ 4.09408431e+05, -5.04869861e+03,  2.57491031e+01, -6.65899555e-02,\n",
       "          8.63938756e-05, -4.47282926e-08])],\n",
       " 'pcovs': [array([[ 4.70875196e+07, -8.88172752e+05,  6.23539572e+03,\n",
       "          -2.05645213e+01,  3.22319621e-02, -1.93910969e-05],\n",
       "         [-8.88172752e+05,  1.69055804e+04, -1.19511408e+02,\n",
       "           3.96246599e-01, -6.23653914e-04,  3.76467153e-07],\n",
       "         [ 6.23539572e+03, -1.19511408e+02,  8.49638595e-01,\n",
       "          -2.82977226e-03,  4.47030737e-06, -2.70690161e-09],\n",
       "         [-2.05645213e+01,  3.96246599e-01, -2.82977226e-03,\n",
       "           9.46058826e-06, -1.49939260e-08,  9.10502455e-12],\n",
       "         [ 3.22319621e-02, -6.23653914e-04,  4.47030737e-06,\n",
       "          -1.49939260e-08,  2.38322744e-11, -1.45096569e-14],\n",
       "         [-1.93910969e-05,  3.76467153e-07, -2.70690161e-09,\n",
       "           9.10502455e-12, -1.45096569e-14,  8.85491963e-18]]),\n",
       "  array([[ 3.68661068e+07, -7.00934531e+05,  4.95386078e+03,\n",
       "          -1.64175107e+01,  2.58192847e-02, -1.55688910e-05],\n",
       "         [-7.00934531e+05,  1.34380200e+04, -9.55966476e+01,\n",
       "           3.18436646e-01, -5.02845488e-04,  3.04235230e-07],\n",
       "         [ 4.95386078e+03, -9.55966476e+01,  6.83814186e-01,\n",
       "          -2.28813943e-03,  3.62690960e-06, -2.20148078e-09],\n",
       "         [-1.64175107e+01,  3.18436646e-01, -2.28813943e-03,\n",
       "           7.68650122e-06, -1.22256401e-08,  7.44335714e-12],\n",
       "         [ 2.58192847e-02, -5.02845488e-04,  3.62690960e-06,\n",
       "          -1.22256401e-08,  1.95058659e-11, -1.19095099e-14],\n",
       "         [-1.55688910e-05,  3.04235230e-07, -2.20148078e-09,\n",
       "           7.44335714e-12, -1.19095099e-14,  7.29069974e-18]]),\n",
       "  array([[ 6.80309583e+06, -1.31318496e+05,  9.40129700e+02,\n",
       "          -3.14946495e+00,  4.99879349e-03, -3.03842992e-06],\n",
       "         [-1.31318496e+05,  2.55468153e+03, -1.84056017e+01,\n",
       "           6.19737789e-02, -9.87759019e-05,  6.02508597e-08],\n",
       "         [ 9.40129700e+02, -1.84056017e+01,  1.33341995e-01,\n",
       "          -4.51100057e-04,  7.21903983e-07, -4.41909053e-10],\n",
       "         [-3.14946495e+00,  6.19737789e-02, -4.51100057e-04,\n",
       "           1.53259485e-06, -2.46207210e-09,  1.51238784e-12],\n",
       "         [ 4.99879349e-03, -9.87759019e-05,  7.21903983e-07,\n",
       "          -2.46207210e-09,  3.96944926e-12, -2.44645504e-15],\n",
       "         [-3.03842992e-06,  6.02508597e-08, -4.41909053e-10,\n",
       "           1.51238784e-12, -2.44645504e-15,  1.51254724e-18]]),\n",
       "  array([[ 1.82062257e+06, -3.55363250e+04,  2.56891007e+02,\n",
       "          -8.67635901e-01,  1.38665577e-03, -8.47899220e-07],\n",
       "         [-3.55363250e+04,  6.98933186e+02, -5.08481118e+00,\n",
       "           1.72638362e-02, -2.77124621e-05,  1.70091567e-08],\n",
       "         [ 2.56891007e+02, -5.08481118e+00,  3.72055043e-02,\n",
       "          -1.26955975e-04,  2.04696330e-07, -1.26130320e-10],\n",
       "         [-8.67635901e-01,  1.72638362e-02, -1.26955975e-04,\n",
       "           4.35239555e-07, -7.04775355e-10,  4.35982629e-13],\n",
       "         [ 1.38665577e-03, -2.77124621e-05,  2.04696330e-07,\n",
       "          -7.04775355e-10,  1.14589115e-12, -7.11573230e-16],\n",
       "         [-8.47899220e-07,  1.70091567e-08, -1.26130320e-10,\n",
       "           4.35982629e-13, -7.11573230e-16,  4.43476640e-19]]),\n",
       "  array([[ 1.00109160e+05, -1.99110018e+03,  1.46919545e+01,\n",
       "          -5.06306126e-02,  8.24707126e-05, -5.13273654e-08],\n",
       "         [-1.99110018e+03,  3.99224898e+01, -2.96728214e-01,\n",
       "           1.02915142e-03, -1.68587045e-06,  1.05450617e-09],\n",
       "         [ 1.46919545e+01, -2.96728214e-01,  2.22104137e-03,\n",
       "          -7.75423290e-06,  1.27792955e-08, -8.03733168e-12],\n",
       "         [-5.06306126e-02,  1.02915142e-03, -7.75423290e-06,\n",
       "           2.72486762e-08, -4.51846629e-11,  2.85809525e-14],\n",
       "         [ 8.24707126e-05, -1.68587045e-06,  1.27792955e-08,\n",
       "          -4.51846629e-11,  7.53747262e-14, -4.79443316e-17],\n",
       "         [-5.13273654e-08,  1.05450617e-09, -8.03733168e-12,\n",
       "           2.85809525e-14, -4.79443316e-17,  3.06573826e-20]]),\n",
       "  array([[ 5.26352182e+04, -1.05257714e+03,  7.82233825e+00,\n",
       "          -2.71806614e-02,  4.46562761e-05, -2.80287237e-08],\n",
       "         [-1.05257714e+03,  2.12268640e+01, -1.58985295e-01,\n",
       "           5.56368619e-04, -9.19918050e-07,  5.80674658e-10],\n",
       "         [ 7.82233825e+00, -1.58985295e-01,  1.20004050e-03,\n",
       "          -4.23087305e-06,  7.04376391e-09, -4.47405996e-12],\n",
       "         [-2.71806614e-02,  5.56368619e-04, -4.23087305e-06,\n",
       "           1.50279601e-08, -2.51969887e-11,  1.61093268e-14],\n",
       "         [ 4.46562761e-05, -9.19918050e-07,  7.04376391e-09,\n",
       "          -2.51969887e-11,  4.25360078e-14, -2.73671786e-17],\n",
       "         [-2.80287237e-08,  5.80674658e-10, -4.47405996e-12,\n",
       "           1.61093268e-14, -2.73671786e-17,  1.77114949e-20]]),\n",
       "  array([[ 4.70875196e+07, -8.88172752e+05,  6.23539572e+03,\n",
       "          -2.05645213e+01,  3.22319621e-02, -1.93910969e-05],\n",
       "         [-8.88172752e+05,  1.69055804e+04, -1.19511408e+02,\n",
       "           3.96246599e-01, -6.23653914e-04,  3.76467153e-07],\n",
       "         [ 6.23539572e+03, -1.19511408e+02,  8.49638595e-01,\n",
       "          -2.82977226e-03,  4.47030737e-06, -2.70690161e-09],\n",
       "         [-2.05645213e+01,  3.96246599e-01, -2.82977226e-03,\n",
       "           9.46058826e-06, -1.49939260e-08,  9.10502455e-12],\n",
       "         [ 3.22319621e-02, -6.23653914e-04,  4.47030737e-06,\n",
       "          -1.49939260e-08,  2.38322744e-11, -1.45096569e-14],\n",
       "         [-1.93910969e-05,  3.76467153e-07, -2.70690161e-09,\n",
       "           9.10502455e-12, -1.45096569e-14,  8.85491963e-18]])],\n",
       " 'significances': [0.0,\n",
       "  0.4773749927279432,\n",
       "  3.9029278794137885,\n",
       "  4.484612967527457,\n",
       "  8.695311745787883,\n",
       "  11.869800563693543,\n",
       "  0.0],\n",
       " 'filtered_masses': [array([178.48622, 226.75546, 130.0493 , ..., 386.48947, 351.278  ,\n",
       "         389.4876 ], dtype=float32),\n",
       "  array([178.48622, 226.75546, 116.60639, ..., 496.96872, 391.56403,\n",
       "         389.4876 ], dtype=float32),\n",
       "  array([226.75546, 116.60639, 144.71382, ..., 458.84253, 351.0088 ,\n",
       "         496.96872], dtype=float32),\n",
       "  array([226.75546, 144.71382, 116.56463, ..., 417.88797, 424.96844,\n",
       "         351.0088 ], dtype=float32),\n",
       "  array([226.75546, 103.30131, 129.64912, ..., 418.25476, 408.63254,\n",
       "         374.3092 ], dtype=float32),\n",
       "  array([114.85579, 224.48883, 105.65081, ..., 384.4784 , 356.66174,\n",
       "         374.3092 ], dtype=float32),\n",
       "  array([178.48622, 226.75546, 130.0493 , ..., 327.05768, 287.44278,\n",
       "         259.9637 ], dtype=float32)],\n",
       " 'y_vals': [array([92595., 88372., 82433., 76692., 70115., 64170., 58939., 53712.,\n",
       "         48889., 44727., 40597., 37326., 34515., 31366., 28760., 26761.,\n",
       "         24535., 22619., 20774., 18818., 17623., 16329., 15469., 13991.,\n",
       "         12950., 12099., 11131., 10563.,  2884.,  2752.,  2607.,  2452.,\n",
       "          2322.,  2100.,  2045.,  1911.,  1846.,  1749.,  1670.,  1521.,\n",
       "          1430.,  1368.,  1317.,  1196.,  1148.,  1086.,  1048.,  1006.,\n",
       "           943.,   851.,   825.,   768.,   730.,   660.,   678.,   627.],\n",
       "        dtype=float32),\n",
       "  array([24695., 21625., 18768., 16647., 14656., 13267., 11973., 11282.,\n",
       "         10256.,  9665.,  9072.,  8662.,  8185.,  7753.,  7201.,  6799.,\n",
       "          6584.,  6190.,  5902.,  5549.,  5187.,  5197.,  5025.,  4540.,\n",
       "          4341.,  4261.,  4013.,  3779.,  1299.,  1230.,  1185.,  1066.,\n",
       "          1013.,   914.,   886.,   802.,   771.,   688.,   708.,   609.,\n",
       "           544.,   497.,   458.,   433.,   416.,   404.,   354.,   364.,\n",
       "           298.,   268.,   274.,   253.,   243.,   222.,   210.,   190.],\n",
       "        dtype=float32),\n",
       "  array([8289., 7060., 6079., 5510., 4908., 4530., 4276., 4173., 3785.,\n",
       "         3694., 3562., 3459., 3405., 3218., 3161., 2917., 2850., 2891.,\n",
       "         2720., 2562., 2407., 2492., 2459., 2222., 2208., 2122., 2044.,\n",
       "         1989.,  798.,  722.,  748.,  674.,  636.,  622.,  579.,  519.,\n",
       "          496.,  452.,  454.,  393.,  369.,  342.,  322.,  286.,  274.,\n",
       "          273.,  231.,  248.,  202.,  183.,  192.,  171.,  177.,  154.,\n",
       "          143.,  152.], dtype=float32),\n",
       "  array([3459., 2963., 2531., 2249., 2070., 1943., 1855., 1894., 1720.,\n",
       "         1702., 1697., 1680., 1651., 1587., 1577., 1526., 1465., 1547.,\n",
       "         1515., 1416., 1375., 1384., 1471., 1306., 1290., 1243., 1278.,\n",
       "         1221.,  567.,  505.,  503.,  477.,  438.,  423.,  415.,  369.,\n",
       "          339.,  316.,  324.,  252.,  255.,  263.,  223.,  199.,  202.,\n",
       "          199.,  158.,  184.,  143.,  130.,  143.,  123.,  117.,  120.,\n",
       "          110.,  110.], dtype=float32),\n",
       "  array([554., 440., 362., 304., 269., 268., 245., 237., 209., 191., 206.,\n",
       "         223., 234., 223., 255., 238., 253., 283., 248., 267., 287., 293.,\n",
       "         351., 313., 292., 299., 353., 321., 236., 205., 210., 199., 188.,\n",
       "         183., 173., 148., 140., 137., 140., 110., 102., 127., 103.,  96.,\n",
       "          85.,  98.,  75.,  78.,  65.,  61.,  59.,  56.,  63.,  49.,  50.,\n",
       "          60.], dtype=float32),\n",
       "  array([288., 186., 158., 124., 112., 107., 110.,  93.,  92.,  77.,  91.,\n",
       "          96.,  93.,  90., 107.,  97., 114., 114., 103., 119., 120., 131.,\n",
       "         153., 141., 141., 124., 167., 143., 159., 125., 129., 124., 118.,\n",
       "         114., 111.,  96.,  98.,  96.,  98.,  74.,  69.,  79.,  68.,  58.,\n",
       "          50.,  72.,  47.,  58.,  44.,  44.,  40.,  26.,  43.,  23.,  37.,\n",
       "          39.], dtype=float32),\n",
       "  array([92595., 88372., 82433., 76692., 70115., 64170., 58939., 53712.,\n",
       "         48889., 44727., 40597., 37326., 34515., 31366., 28760., 26761.,\n",
       "         24535., 22619., 20774., 18818., 17623., 16329., 15469., 13991.,\n",
       "         12950., 12099., 11131., 10563.,  2884.,  2752.,  2607.,  2452.,\n",
       "          2322.,  2100.,  2045.,  1911.,  1846.,  1749.,  1670.,  1521.,\n",
       "          1430.,  1368.,  1317.,  1196.,  1148.,  1086.,  1048.,  1006.,\n",
       "           943.,   851.,   825.,   768.,   730.,   660.,   678.,   627.],\n",
       "        dtype=float32)]}"
      ]
     },
     "execution_count": 20,
     "metadata": {},
     "output_type": "execute_result"
    },
    {
     "data": {
